Thema;Insgesamt;1800;1801;1802;1803;1804;1805;1806;1807;1808;1809;1810;1811;1812;1813;1814;1815;1816;1817;1818;1819;1820;1821;1822;1823;1824;1825;1826
Reisen;247;1;10;18;9;11;5;4;5;25;7;14;25;1;1;3;3;8;8;7;17;20;11;15;12;4;1;2
Krankheit bzw. Gesundheitszustand;199;1;7;7;4;7;12;3;1;6;11;19;25;6;1;2;3;6;5;14;8;6;5;28;5;2;5;0
Verlage / Verlegerisches;169;3;3;2;20;9;13;9;1;9;28;11;5;0;0;1;0;1;6;2;5;2;5;0;0;0;15;19
Familie(n);152;6;8;24;6;8;6;0;3;10;4;11;17;1;2;0;3;4;4;5;7;6;2;12;1;0;1;1
Finanzen;144;2;4;4;6;2;13;5;2;5;13;10;9;5;6;6;6;6;7;2;4;5;8;3;6;0;1;4
Briefverkehr;141;0;7;10;13;6;7;4;3;12;14;7;9;3;4;0;2;4;3;1;2;7;4;10;3;0;0;6
Kinder;137;1;1;16;9;5;2;0;4;11;9;15;16;2;3;3;5;3;1;8;6;4;7;1;3;1;1;0
Festlichkeiten;126;4;6;11;7;7;7;3;3;9;7;5;5;1;1;2;2;2;9;3;4;5;6;8;1;0;1;7
Literarisches Leben und Schaffen;118;3;3;3;17;11;9;6;1;4;12;9;17;2;0;2;1;1;6;1;1;1;5;0;0;0;0;2
Freundschaften;114;1;11;8;4;3;5;1;2;14;8;7;15;0;1;1;0;6;5;3;4;6;1;4;0;0;1;3
Gesellschaftliches Leben;104;2;8;6;6;4;3;0;2;3;5;6;3;1;1;1;0;1;0;2;2;15;16;13;1;1;1;1
Zeitschriften;98;6;5;4;25;12;12;4;2;1;17;2;0;0;0;0;0;0;0;0;0;2;5;0;0;0;0;0
Tod und Sterben;89;0;1;2;1;1;14;2;2;6;1;9;12;2;0;3;1;0;0;2;6;0;4;4;2;0;11;3
Dank;78;0;1;2;2;0;2;7;14;12;13;4;6;2;0;1;0;4;2;0;1;0;0;1;2;0;0;2
Berufliches;69;1;0;0;1;2;11;5;2;4;10;7;4;3;3;1;4;3;4;0;0;3;1;0;0;0;0;0
Hauswesen;69;0;4;8;4;13;2;0;3;2;6;4;3;1;0;0;0;1;0;2;1;3;1;11;0;0;0;0
Politik;59;0;0;0;1;2;3;7;3;6;11;2;0;0;4;3;4;0;2;1;5;2;1;2;0;0;0;0
Personalien;55;1;0;3;3;0;3;0;2;1;3;5;5;0;0;0;3;2;2;4;1;5;3;5;0;1;0;3
Bildung;54;0;0;0;0;0;5;0;1;18;1;1;0;1;0;0;0;0;1;1;6;5;14;0;0;0;0;0
Kunst;51;0;0;5;10;4;1;3;1;3;7;3;9;1;0;0;1;0;0;1;0;0;1;0;0;0;0;1
Geschlechterrollen;43;0;3;2;2;3;3;2;0;3;4;1;3;0;2;0;0;1;2;5;2;1;2;0;0;0;1;1
Liebesleben / Kennenlernen / Ehe;42;4;2;5;3;2;2;0;0;2;2;4;5;0;0;0;0;0;3;0;1;2;1;3;0;0;0;1
Lektüre(n);41;1;1;3;1;3;0;1;0;4;4;1;3;0;0;1;1;0;2;0;2;1;3;2;3;1;1;2
Juristische Angelegenheiten;34;2;3;1;1;5;1;0;2;2;1;0;1;0;0;0;0;3;0;0;2;2;1;0;0;0;0;7
Textilien;32;0;1;4;2;2;0;0;0;2;0;0;0;0;1;0;0;0;0;0;1;2;0;11;6;0;0;0
Reflexionen über das Leben;32;0;0;5;6;4;5;3;1;1;2;0;1;0;0;1;0;0;0;0;0;0;1;0;0;0;0;2
Erziehung, Pädagogik;32;0;0;2;2;3;1;0;0;0;7;12;2;1;0;1;0;0;0;1;0;0;0;0;0;0;0;0
Grüße;25;0;1;1;1;1;4;0;2;3;2;2;2;0;1;0;0;0;0;1;0;2;0;1;1;0;0;0
Religion;24;0;0;1;0;0;1;2;1;1;3;4;4;0;1;0;1;1;0;0;1;1;2;0;0;0;0;0
Empfehlungen;22;0;0;0;3;4;0;0;0;1;1;3;0;0;0;0;1;3;1;0;0;3;0;0;0;0;1;1
Abschied;22;0;0;0;0;1;0;1;0;4;0;0;3;0;1;0;0;2;1;0;5;2;0;1;0;1;0;0
Judentum;20;0;2;2;5;3;3;0;1;2;1;1;0;0;0;0;0;0;0;0;0;0;0;0;0;0;0;0
Theaterleben;19;0;1;1;4;8;2;0;0;0;1;0;0;1;0;0;0;0;0;0;0;1;0;0;0;0;0;0
Natur;19;0;2;1;1;0;1;0;0;1;0;1;2;0;0;0;0;1;0;0;0;2;2;2;0;0;0;3
Ermahnung, Zuspruch, Trost;18;1;0;0;0;0;0;1;0;0;1;2;1;0;1;0;0;0;0;0;0;2;3;4;0;0;2;0
Geschäftliches;17;0;0;0;1;1;1;1;0;0;3;1;0;0;2;2;0;0;2;2;0;0;1;0;0;0;0;0
Stimulantien;16;0;1;9;2;2;0;0;0;0;0;1;0;0;0;0;0;0;0;0;0;0;0;1;0;0;0;0
Jean Pauls Werke;15;0;0;4;1;1;1;0;1;0;2;0;0;0;0;2;1;0;0;0;0;1;1;0;0;0;0;0
Bittschreiben;15;0;0;0;0;0;1;2;0;0;2;1;0;2;0;0;0;1;1;0;1;3;1;0;0;0;0;0
Jean Pauls Alltag;13;0;3;1;1;0;0;0;1;0;0;0;0;0;0;0;0;0;0;2;0;0;0;3;1;1;0;0
Jean Paul-Verehrung;13;0;0;0;0;0;0;1;0;0;0;0;1;0;0;0;1;0;1;1;0;1;0;0;0;0;1;6
Ernährung;12;0;0;0;1;1;1;0;0;1;0;0;1;0;0;0;0;0;0;0;0;2;2;3;0;0;0;0
Musik;10;1;0;0;0;0;1;0;0;0;0;0;1;0;0;0;1;0;0;0;1;3;0;0;0;1;0;0
Fahrzeuge;8;0;0;1;0;0;0;0;0;0;0;0;0;0;0;0;0;2;1;2;1;0;0;0;1;0;0;0
Dessauer Familienstipendium;7;0;0;0;0;0;0;0;0;0;0;0;0;0;0;1;1;0;0;0;0;2;3;0;0;0;0;0
Entschuldigung;5;0;0;0;0;0;1;0;0;1;0;0;1;0;0;0;0;0;0;0;0;0;0;0;0;0;0;2
Alter;5;0;0;0;0;0;0;0;1;1;1;0;1;0;0;0;0;1;0;0;0;0;0;0;0;0;0;0
Selbstdarstellungen;5;0;0;0;0;0;0;0;0;0;1;0;0;0;0;0;0;0;0;0;0;0;1;0;0;0;0;3
Nachruhm Jean Pauls;5;0;0;0;0;0;0;0;0;0;0;0;0;0;0;0;0;0;0;0;0;0;0;0;0;0;3;2
Einladungen;4;0;2;0;0;0;0;0;0;0;2;0;0;0;0;0;0;0;0;0;0;0;0;0;0;0;0;0
;4;0;0;0;0;1;0;0;0;1;2;0;0;0;0;0;0;0;0;0;0;0;0;0;0;0;0;0
Freude und Begeisterung;4;0;0;0;0;0;0;0;3;0;0;0;1;0;0;0;0;0;0;0;0;0;0;0;0;0;0;0
Wissenschaft;4;0;0;0;0;0;0;0;0;0;0;0;0;1;0;1;1;0;0;1;0;0;0;0;0;0;0;0
Geographisches, Landschaftsbeschreibungen;2;0;0;0;0;0;1;0;0;0;0;0;0;0;0;0;0;0;0;0;0;0;1;0;0;0;0;0
Träume;2;0;0;0;0;0;0;0;1;0;0;0;1;0;0;0;0;0;0;0;0;0;0;0;0;0;0;0
Willkommensschreiben;2;0;0;0;0;0;0;0;1;0;0;0;1;0;0;0;0;0;0;0;0;0;0;0;0;0;0;0
Angst und Sorge;2;0;0;0;0;0;0;0;0;0;0;0;0;0;0;1;0;0;0;0;0;1;0;0;0;0;0;0
Philosophisches;1;0;0;0;0;0;0;0;0;0;0;0;1;0;0;0;0;0;0;0;0;0;0;0;0;0;0;0
Humor, Satire;1;0;0;0;0;0;0;0;0;0;0;0;0;0;0;0;0;0;0;0;0;1;0;0;0;0;0;0
Intellektuelle;1;0;0;0;0;0;0;0;0;0;0;0;0;0;0;0;0;0;0;0;0;0;1;0;0;0;0;0
